,Date,Rounds,kills,downs,revives,headshots
1,5/4,7,33,2,2,5
2,5/6,14,198,4,2,25
3,5/6,8,64,2,1,9
4,5/7,6,38,2,1,5
5,5/21,7,66,1,4,9
6,5/21,7,70,2,2,8
7,5/21,8,116,3,3,27
8,5/21,7,62,1,2,8
9,5/21,14,188,2,4,26
10,5/22,7,47,2,2,3
11,5/22,9,78,3,4,11
12,5/22,9,85,1,4,17
13,5/23,15,268,2,6,11
14,5/24,11,126,2,2,26
15,5/24,15,254,2,8,61
16,5/24,10,77,4,7,10
17,5/27,14,229,2,5,49
18,5/28,9,81,2,2,6
19,5/28,9,69,4,3,11
20,6/2,9,81,4,2,14
21,6/2,2,5,0,0,0
22,6/2,13,159,2,3,39
23,6/2,7,67,1,1,19
24,6/2,7,61,1,2,13
25,6/2,11,123,4,3,29
26,6/2,10,74,2,4,27
27,6/3,10,96,3,5,20
28,6/3,7,47,1,0,18
29,6/8,8,71,2,0,24
30,6/8,11,124,2,1,32
31,6/13,13,172,6,2,33
32,6/13,15,206,5,9,39
33,6/14,15,214,5,6,43
34,6/15,10,90,3,4,36
35,6/15,18,475,2,5,68
