,Date,Rounds,kills,downs,revives,headshots
1,5/4,7,96,4,1,15
2,5/6,14,249,9,3,55
3,5/6,8,60,3,0,18
4,5/7,6,43,1,1,15
5,5/21,7,64,1,0,12
6,5/21,7,103,4,1,32
7,5/21,8,80,6,0,21
8,5/21,7,49,3,0,14
9,5/21,14,211,8,0,57
10,5/22,7,74,3,2,15
11,5/22,9,113,1,2,35
12,5/22,9,96,4,2,12
13,5/23,15,258,5,0,27
14,5/24,11,133,2,2,37
15,5/24,15,216,8,1,20
16,5/24,10,113,8,3,35
17,5/27,14,166,5,5,74
18,5/28,9,69,5,2,20
19,5/28,9,85,4,3,34
20,6/2,9,94,4,0,31
21,6/2,2,5,0,0,1
22,6/2,13,199,5,1,63
23,6/2,7,52,2,1,12
24,6/2,7,62,3,0,24
25,6/2,11,141,3,2,15
26,6/2,10,129,4,2,19
27,6/3,10,119,6,2,44
28,6/3,7,67,2,0,36
29,6/8,8,71,3,1,21
30,6/8,11,115,2,1,31
31,6/13,13,236,2,6,45
32,6/13,15,257,7,4,64
33,6/14,15,298,5,5,35
34,6/15,10,96,4,2,26
35,6/15,18,254,7,2,74
