,Date,Rounds,kills,downs,revives,headshots
1,5/4,7,10,2,3,1
2,5/6,14,99,5,6,34
3,5/6,8,38,1,2,11
4,5/7,6,24,2,0,7
5,5/21,7,13,5,0,3
6,5/21,7,41,2,2,14
7,5/21,8,47,2,5,17
8,5/21,7,36,1,0,8
9,5/21,14,168,3,4,42
10,5/22,7,31,2,0,2
11,5/22,9,33,7,2,4
12,5/22,9,58,4,0,10
13,5/23,15,90,7,2,17
14,5/24,11,47,5,0,14
15,5/24,15,142,5,3,29
16,5/24,10,89,4,3,9
17,5/27,14,174,7,1,50
18,5/28,9,63,3,3,30
19,5/28,9,77,2,1,24
20,6/2,9,55,1,2,7
21,6/2,2,4,0,0,1
22,6/2,13,102,5,2,26
23,6/2,7,27,2,0,7
24,6/2,7,42,2,1,22
25,6/2,11,14,1,0,3
26,6/2,10,94,4,2,9
27,6/3,10,63,3,2,28
28,6/3,7,48,1,1,7
29,6/8,8,48,2,3,14
30,6/8,11,65,3,1,17
31,6/13,13,71,7,2,17
32,6/13,15,96,7,1,14
33,6/14,15,110,6,2,34
34,6/15,10,69,4,2,19
35,6/15,18,185,3,0,62
